Initial Microbe Distribution: 
	A: [0]
	B: [1]

Initial Resource Grid
0 0 0 0 0 0 0 0 0 0 0 0 0 0 0 0 0 0 0 0 
0 0 0 0 0 0 0 0 0 0 0 0 0 0 0 0 0 0 0 0 
0 0 0 0 0 0 0 0 0 0 0 0 0 0 0 0 0 0 0 0 
0 0 0 0 0 0 0 0 0 0 0 0 0 0 0 0 0 0 0 0 
0 0 0 0 0 0 0 0 0 0 0 0 0 0 0 0 0 0 0 0 
0 0 0 0 0 0 0 0 0 0 0 0 0 0 0 0 0 0 0 0 
0 0 0 0 0 0 0 0 0 0 0 0 0 0 0 0 0 0 0 0 
0 0 0 0 0 0 0 0 0 0 0 0 0 0 0 0 0 0 0 0 
0 0 0 0 0 0 0 0 0 0 0 0 0 0 0 0 0 0 0 0 
0 0 0 0 0 0 0 0 0 0 0 0 0 0 0 0 0 0 0 0 
0 0 0 0 0 0 0 0 0 0 0 0 0 0 0 0 0 0 0 0 
0 0 0 0 0 0 0 0 0 0 0 0 0 0 0 0 0 0 0 0 
0 0 0 0 0 0 0 0 0 0 0 0 0 0 0 0 0 0 0 0 
0 0 0 0 0 0 0 0 0 0 0 0 0 0 0 0 0 0 0 0 
0 0 0 0 0 0 0 0 0 0 0 0 0 0 0 0 0 0 0 0 
0 0 0 0 0 0 0 0 0 0 0 0 0 0 0 0 0 0 0 0 
0 0 0 0 0 0 0 0 0 0 0 0 0 0 0 0 0 0 0 0 
0 0 0 0 0 0 0 0 0 0 0 0 0 0 0 0 0 0 0 0 
0 0 0 0 0 0 0 0 0 0 0 0 0 0 0 0 0 0 0 0 
0 0 0 0 0 0 0 0 0 0 0 0 0 0 0 0 0 0 0 0 

All Time Step Stats
Time Step: 1
	A: [0]
	B: [1]

Time Step: 2
	A: [0]
	B: [1, 2]

Time Step: 3
	A: [0]
	B: [1, 2]

Time Step: 4
	A: [0, 4]
	B: [2, 3, 5]

Time Step: 5
	A: [0, 4]
	B: [2, 3, 5]

Time Step: 6
	A: [0, 4]
	B: [3, 5, 6, 7]

Time Step: 7
	A: [0, 4]
	B: [3, 5, 6, 7]

Time Step: 8
	A: [0, 4, 7, 11]
	B: [5, 6, 8, 9, 10]

Time Step: 9
	A: [0, 4, 7, 11]
	B: [5, 6, 8, 9, 10]

Time Step: 10
	A: [0, 4, 7]
	B: [6, 8, 9, 10, 11, 12, 13]

Time Step: 11
	A: [0, 4, 7]
	B: [6, 8, 9, 10, 11, 12, 13]

Time Step: 12
	A: [0, 4, 7, 14, 15, 19]
	B: [9, 10, 11, 12, 13, 16, 17, 18]

Time Step: 13
	A: [0, 4, 7, 14, 15, 19]
	B: [9, 10, 11, 12, 13, 16, 17, 18]

Time Step: 14
	A: [0, 4, 7]
	B: [10, 11, 12, 13, 14, 15, 16, 17, 18, 19, 20, 21]

Time Step: 15
	A: [0, 4, 7]
	B: [10, 11, 12, 13, 14, 15, 16, 17, 18, 19, 20, 21]

Time Step: 16
	A: [4, 7, 19, 22, 29]
	B: [14, 15, 16, 17, 18, 20, 21, 23, 24, 25, 26, 27, 28]

Time Step: 17
	A: [4, 7, 19, 22, 29]
	B: [14, 15, 16, 17, 18, 20, 21, 23, 24, 25, 26, 27, 28]

Time Step: 18
	A: [4, 7]
	B: [15, 16, 17, 18, 19, 20, 21, 22, 23, 24, 25, 26, 27, 28, 29, 30]

Time Step: 19
	A: [4, 7]
	B: [15, 16, 17, 18, 19, 20, 21, 22, 23, 24, 25, 26, 27, 28, 29, 30]

Time Step: 20
	A: [7, 28, 32]
	B: [18, 19, 20, 21, 22, 23, 24, 25, 26, 27, 29, 30, 31, 33, 34, 35]

Time Step: 21
	A: [7, 28, 32]
	B: [18, 19, 20, 21, 22, 23, 24, 25, 26, 27, 29, 30, 31, 33, 34, 35]

Time Step: 22
	A: [7]
	B: [18, 19, 20, 21, 22, 23, 24, 25, 26, 27, 28, 29, 30, 31, 32, 33, 34, 35]

Time Step: 23
	A: [7]
	B: [18, 19, 20, 21, 22, 23, 24, 25, 26, 27, 28, 29, 30, 31, 32, 33, 34, 35]

Time Step: 24
	A: [31]
	B: [19, 20, 21, 22, 23, 24, 25, 26, 27, 28, 29, 30, 32, 33, 34, 35, 36, 37]

Time Step: 25
	A: [31]
	B: [19, 20, 21, 22, 23, 24, 25, 26, 27, 28, 29, 30, 32, 33, 34, 35, 36, 37]

Time Step: 26
	A: []
	B: [19, 20, 21, 22, 23, 24, 25, 26, 27, 28, 29, 30, 31, 32, 33, 34, 35, 36, 37]

Time Step: 27
	A: []
	B: [19, 20, 21, 22, 23, 24, 25, 26, 27, 28, 29, 30, 31, 32, 33, 34, 35, 36, 37]

Time Step: 28
	A: []
	B: [19, 20, 21, 22, 23, 24, 25, 26, 27, 28, 29, 30, 31, 32, 33, 34, 35, 36, 37]

Time Step: 29
	A: []
	B: [19, 20, 21, 22, 23, 24, 25, 26, 27, 28, 29, 30, 31, 32, 33, 34, 35, 36, 37]

Time Step: 30
	A: []
	B: [19, 20, 21, 22, 23, 24, 25, 26, 27, 28, 29, 30, 31, 32, 33, 34, 35, 36, 37]

Time Step: 31
	A: []
	B: [19, 20, 21, 22, 23, 24, 25, 26, 27, 28, 29, 30, 31, 32, 33, 34, 35, 36, 37]

Time Step: 32
	A: []
	B: [19, 20, 21, 22, 23, 24, 25, 26, 27, 28, 29, 30, 31, 32, 33, 34, 35, 36, 37]

Time Step: 33
	A: []
	B: [19, 20, 21, 22, 23, 24, 25, 26, 27, 28, 29, 30, 31, 32, 33, 34, 35, 36, 37]

Time Step: 34
	A: []
	B: [19, 20, 21, 22, 23, 24, 25, 26, 27, 28, 29, 30, 31, 32, 33, 34, 35, 36, 37]

Time Step: 35
	A: []
	B: [19, 20, 21, 22, 23, 24, 25, 26, 27, 28, 29, 30, 31, 32, 33, 34, 35, 36, 37]

Time Step: 36
	A: []
	B: [19, 20, 21, 22, 23, 24, 25, 26, 27, 28, 29, 30, 31, 32, 33, 34, 35, 36, 37]

Time Step: 37
	A: []
	B: [19, 20, 21, 22, 23, 24, 25, 26, 27, 28, 29, 30, 31, 32, 33, 34, 35, 36, 37]

Time Step: 38
	A: []
	B: [19, 20, 21, 22, 23, 24, 25, 26, 27, 28, 29, 30, 31, 32, 33, 34, 35, 36, 37]

Time Step: 39
	A: []
	B: [19, 20, 21, 22, 23, 24, 25, 26, 27, 28, 29, 30, 31, 32, 33, 34, 35, 36, 37]

Time Step: 40
	A: []
	B: [19, 20, 21, 22, 23, 24, 25, 26, 27, 28, 29, 30, 31, 32, 33, 34, 35, 36, 37]

Time Step: 41
	A: []
	B: [19, 20, 21, 22, 23, 24, 25, 26, 27, 28, 29, 30, 31, 32, 33, 34, 35, 36, 37]

Time Step: 42
	A: []
	B: [19, 20, 21, 22, 23, 24, 25, 26, 27, 28, 29, 30, 31, 32, 33, 34, 35, 36, 37]

Time Step: 43
	A: []
	B: [19, 20, 21, 22, 23, 24, 25, 26, 27, 28, 29, 30, 31, 32, 33, 34, 35, 36, 37]

Time Step: 44
	A: []
	B: [19, 20, 21, 22, 23, 24, 25, 26, 27, 28, 29, 30, 31, 32, 33, 34, 35, 36, 37]

Time Step: 45
	A: []
	B: [19, 20, 21, 22, 23, 24, 25, 26, 27, 28, 29, 30, 31, 32, 33, 34, 35, 36, 37]

Time Step: 46
	A: []
	B: [19, 20, 21, 22, 23, 24, 25, 26, 27, 28, 29, 30, 31, 32, 33, 34, 35, 36, 37]

Time Step: 47
	A: []
	B: [19, 20, 21, 22, 23, 24, 25, 26, 27, 28, 29, 30, 31, 32, 33, 34, 35, 36, 37]

Time Step: 48
	A: []
	B: [19, 20, 21, 22, 23, 24, 25, 26, 27, 28, 29, 30, 31, 32, 33, 34, 35, 36, 37]

Time Step: 49
	A: []
	B: [19, 20, 21, 22, 23, 24, 25, 26, 27, 28, 29, 30, 31, 32, 33, 34, 35, 36, 37]

Time Step: 50
	A: []
	B: [19, 20, 21, 22, 23, 24, 25, 26, 27, 28, 29, 30, 31, 32, 33, 34, 35, 36, 37]

Time Step: 51
	A: []
	B: [19, 20, 21, 22, 23, 24, 25, 26, 27, 28, 29, 30, 31, 32, 33, 34, 35, 36, 37]

Time Step: 52
	A: []
	B: [19, 20, 21, 22, 23, 24, 25, 26, 27, 28, 29, 30, 31, 32, 33, 34, 35, 36, 37]

Time Step: 53
	A: []
	B: [19, 20, 21, 22, 23, 24, 25, 26, 27, 28, 29, 30, 31, 32, 33, 34, 35, 36, 37]

Time Step: 54
	A: []
	B: [19, 20, 21, 22, 23, 24, 25, 26, 27, 28, 29, 30, 31, 32, 33, 34, 35, 36, 37]

Time Step: 55
	A: []
	B: [19, 20, 21, 22, 23, 24, 25, 26, 27, 28, 29, 30, 31, 32, 33, 34, 35, 36, 37]

Time Step: 56
	A: []
	B: [19, 20, 21, 22, 23, 24, 25, 26, 27, 28, 29, 30, 31, 32, 33, 34, 35, 36, 37]

Time Step: 57
	A: []
	B: [19, 20, 21, 22, 23, 24, 25, 26, 27, 28, 29, 30, 31, 32, 33, 34, 35, 36, 37]

Time Step: 58
	A: []
	B: [19, 20, 21, 22, 23, 24, 25, 26, 27, 28, 29, 30, 31, 32, 33, 34, 35, 36, 37]

Time Step: 59
	A: []
	B: [19, 20, 21, 22, 23, 24, 25, 26, 27, 28, 29, 30, 31, 32, 33, 34, 35, 36, 37]

Time Step: 60
	A: []
	B: [19, 20, 21, 22, 23, 24, 25, 26, 27, 28, 29, 30, 31, 32, 33, 34, 35, 36, 37]

Time Step: 61
	A: []
	B: [19, 20, 21, 22, 23, 24, 25, 26, 27, 28, 29, 30, 31, 32, 33, 34, 35, 36, 37]

Time Step: 62
	A: []
	B: [19, 20, 21, 22, 23, 24, 25, 26, 27, 28, 29, 30, 31, 32, 33, 34, 35, 36, 37]

Time Step: 63
	A: []
	B: [19, 20, 21, 22, 23, 24, 25, 26, 27, 28, 29, 30, 31, 32, 33, 34, 35, 36, 37]

Time Step: 64
	A: []
	B: [19, 20, 21, 22, 23, 24, 25, 26, 27, 28, 29, 30, 31, 32, 33, 34, 35, 36, 37]

Time Step: 65
	A: []
	B: [19, 20, 21, 22, 23, 24, 25, 26, 27, 28, 29, 30, 31, 32, 33, 34, 35, 36, 37]

Time Step: 66
	A: []
	B: [19, 20, 21, 22, 23, 24, 25, 26, 27, 28, 29, 30, 31, 32, 33, 34, 35, 36, 37]

Time Step: 67
	A: []
	B: [19, 20, 21, 22, 23, 24, 25, 26, 27, 28, 29, 30, 31, 32, 33, 34, 35, 36, 37]

Time Step: 68
	A: []
	B: [19, 20, 21, 22, 23, 24, 25, 26, 27, 28, 29, 30, 31, 32, 33, 34, 35, 36, 37]

Time Step: 69
	A: []
	B: [19, 20, 21, 22, 23, 24, 25, 26, 27, 28, 29, 30, 31, 32, 33, 34, 35, 36, 37]

Time Step: 70
	A: []
	B: [19, 20, 21, 22, 23, 24, 25, 26, 27, 28, 29, 30, 31, 32, 33, 34, 35, 36, 37]

Time Step: 71
	A: []
	B: [19, 20, 21, 22, 23, 24, 25, 26, 27, 28, 29, 30, 31, 32, 33, 34, 35, 36, 37]

Time Step: 72
	A: []
	B: [19, 20, 21, 22, 23, 24, 25, 26, 27, 28, 29, 30, 31, 32, 33, 34, 35, 36, 37]

Time Step: 73
	A: []
	B: [19, 20, 21, 22, 23, 24, 25, 26, 27, 28, 29, 30, 31, 32, 33, 34, 35, 36, 37]

Time Step: 74
	A: []
	B: [19, 20, 21, 22, 23, 24, 25, 26, 27, 28, 29, 30, 31, 32, 33, 34, 35, 36, 37]

Time Step: 75
	A: []
	B: [19, 20, 21, 22, 23, 24, 25, 26, 27, 28, 29, 30, 31, 32, 33, 34, 35, 36, 37]

Time Step: 76
	A: []
	B: [19, 20, 21, 22, 23, 24, 25, 26, 27, 28, 29, 30, 31, 32, 33, 34, 35, 36, 37]

Time Step: 77
	A: []
	B: [19, 20, 21, 22, 23, 24, 25, 26, 27, 28, 29, 30, 31, 32, 33, 34, 35, 36, 37]

Time Step: 78
	A: []
	B: [19, 20, 21, 22, 23, 24, 25, 26, 27, 28, 29, 30, 31, 32, 33, 34, 35, 36, 37]

Time Step: 79
	A: []
	B: [19, 20, 21, 22, 23, 24, 25, 26, 27, 28, 29, 30, 31, 32, 33, 34, 35, 36, 37]

Time Step: 80
	A: []
	B: [19, 20, 21, 22, 23, 24, 25, 26, 27, 28, 29, 30, 31, 32, 33, 34, 35, 36, 37]

Time Step: 81
	A: []
	B: [19, 20, 21, 22, 23, 24, 25, 26, 27, 28, 29, 30, 31, 32, 33, 34, 35, 36, 37]

Time Step: 82
	A: []
	B: [19, 20, 21, 22, 23, 24, 25, 26, 27, 28, 29, 30, 31, 32, 33, 34, 35, 36, 37]

Time Step: 83
	A: []
	B: [19, 20, 21, 22, 23, 24, 25, 26, 27, 28, 29, 30, 31, 32, 33, 34, 35, 36, 37]

Time Step: 84
	A: []
	B: [19, 20, 21, 22, 23, 24, 25, 26, 27, 28, 29, 30, 31, 32, 33, 34, 35, 36, 37]

Time Step: 85
	A: []
	B: [19, 20, 21, 22, 23, 24, 25, 26, 27, 28, 29, 30, 31, 32, 33, 34, 35, 36, 37]

Time Step: 86
	A: []
	B: [19, 20, 21, 22, 23, 24, 25, 26, 27, 28, 29, 30, 31, 32, 33, 34, 35, 36, 37]

Time Step: 87
	A: []
	B: [19, 20, 21, 22, 23, 24, 25, 26, 27, 28, 29, 30, 31, 32, 33, 34, 35, 36, 37]

Time Step: 88
	A: []
	B: [19, 20, 21, 22, 23, 24, 25, 26, 27, 28, 29, 30, 31, 32, 33, 34, 35, 36, 37]

Time Step: 89
	A: []
	B: [19, 20, 21, 22, 23, 24, 25, 26, 27, 28, 29, 30, 31, 32, 33, 34, 35, 36, 37]

Time Step: 90
	A: []
	B: [19, 20, 21, 22, 23, 24, 25, 26, 27, 28, 29, 30, 31, 32, 33, 34, 35, 36, 37]

Time Step: 91
	A: []
	B: [19, 20, 21, 22, 23, 24, 25, 26, 27, 28, 29, 30, 31, 32, 33, 34, 35, 36, 37]

Time Step: 92
	A: []
	B: [19, 20, 21, 22, 23, 24, 25, 26, 27, 28, 29, 30, 31, 32, 33, 34, 35, 36, 37]

Time Step: 93
	A: []
	B: [19, 20, 21, 22, 23, 24, 25, 26, 27, 28, 29, 30, 31, 32, 33, 34, 35, 36, 37]

Time Step: 94
	A: []
	B: [19, 20, 21, 22, 23, 24, 25, 26, 27, 28, 29, 30, 31, 32, 33, 34, 35, 36, 37]

Time Step: 95
	A: []
	B: [19, 20, 21, 22, 23, 24, 25, 26, 27, 28, 29, 30, 31, 32, 33, 34, 35, 36, 37]

Time Step: 96
	A: []
	B: [19, 20, 21, 22, 23, 24, 25, 26, 27, 28, 29, 30, 31, 32, 33, 34, 35, 36, 37]

Time Step: 97
	A: []
	B: [19, 20, 21, 22, 23, 24, 25, 26, 27, 28, 29, 30, 31, 32, 33, 34, 35, 36, 37]

Time Step: 98
	A: []
	B: [19, 20, 21, 22, 23, 24, 25, 26, 27, 28, 29, 30, 31, 32, 33, 34, 35, 36, 37]

Time Step: 99
	A: []
	B: [19, 20, 21, 22, 23, 24, 25, 26, 27, 28, 29, 30, 31, 32, 33, 34, 35, 36, 37]

Time Step: 100
	A: []
	B: [19, 20, 21, 22, 23, 24, 25, 26, 27, 28, 29, 30, 31, 32, 33, 34, 35, 36, 37]
Initial Microbe Distribution: 
	A: [0]
	B: [1]

Initial Resource Grid
0 0 0 0 0 0 0 0 0 0 0 0 0 0 0 0 0 0 0 0 
0 0 0 0 0 0 0 0 0 0 0 0 0 0 0 0 0 0 0 0 
0 0 0 0 0 0 0 0 0 0 0 0 0 0 0 0 0 0 0 0 
0 0 0 0 0 0 0 0 0 0 0 0 0 0 0 0 0 0 0 0 
0 0 0 0 0 0 0 0 0 0 0 0 0 0 0 0 0 0 0 0 
0 0 0 0 0 0 0 0 0 0 0 0 0 0 0 0 0 0 0 0 
0 0 0 0 0 0 0 0 0 0 0 0 0 0 0 0 0 0 0 0 
0 0 0 0 0 0 0 0 0 0 0 0 0 0 0 0 0 0 0 0 
0 0 0 0 0 0 0 0 0 0 0 0 0 0 0 0 0 0 0 0 
0 0 0 0 0 0 0 0 0 0 0 0 0 0 0 0 0 0 0 0 
0 0 0 0 0 0 0 0 0 0 0 0 0 0 0 0 0 0 0 0 
0 0 0 0 0 0 0 0 0 0 0 0 0 0 0 0 0 0 0 0 
0 0 0 0 0 0 0 0 0 0 0 0 0 0 0 0 0 0 0 0 
0 0 0 0 0 0 0 0 0 0 0 0 0 0 0 0 0 0 0 0 
0 0 0 0 0 0 0 0 0 0 0 0 0 0 0 0 0 0 0 0 
0 0 0 0 0 0 0 0 0 0 0 0 0 0 0 0 0 0 0 0 
0 0 0 0 0 0 0 0 0 0 0 0 0 0 0 0 0 0 0 0 
0 0 0 0 0 0 0 0 0 0 0 0 0 0 0 0 0 0 0 0 
0 0 0 0 0 0 0 0 0 0 0 0 0 0 0 0 0 0 0 0 
0 0 0 0 0 0 0 0 0 0 0 0 0 0 0 0 0 0 0 0 

All Time Step Stats
Time Step: 1
	A: [0]
	B: [1]

Time Step: 2
	A: [0]
	B: [1, 2]

Time Step: 3
	A: [0]
	B: [1, 2]

Time Step: 4
	A: [0, 5]
	B: [2, 3, 4]

Time Step: 5
	A: [0, 5]
	B: [2, 3, 4]

Time Step: 6
	A: [0]
	B: [3, 4, 5, 6, 7]

Time Step: 7
	A: [0]
	B: [3, 4, 5, 6, 7]

Time Step: 8
	A: [0, 9]
	B: [5, 6, 7, 8, 10, 11]

Time Step: 9
	A: [0, 9]
	B: [5, 6, 7, 8, 10, 11]

Time Step: 10
	A: [0]
	B: [6, 7, 8, 9, 10, 11, 12, 13]

Time Step: 11
	A: [0]
	B: [6, 7, 8, 9, 10, 11, 12, 13]

Time Step: 12
	A: [0, 13]
	B: [8, 9, 10, 11, 12, 14, 15, 16, 17]

Time Step: 13
	A: [0, 13]
	B: [8, 9, 10, 11, 12, 14, 15, 16, 17]

Time Step: 14
	A: [0]
	B: [9, 10, 11, 12, 13, 14, 15, 16, 17, 18, 19]

Time Step: 15
	A: [0]
	B: [9, 10, 11, 12, 13, 14, 15, 16, 17, 18, 19]

Time Step: 16
	A: [22]
	B: [11, 12, 13, 14, 15, 16, 17, 18, 19, 20, 21, 23]

Time Step: 17
	A: [22]
	B: [11, 12, 13, 14, 15, 16, 17, 18, 19, 20, 21, 23]

Time Step: 18
	A: []
	B: [12, 13, 14, 15, 16, 17, 18, 19, 20, 21, 22, 23, 24]

Time Step: 19
	A: []
	B: [12, 13, 14, 15, 16, 17, 18, 19, 20, 21, 22, 23, 24]

Time Step: 20
	A: []
	B: [13, 14, 15, 16, 17, 18, 19, 20, 21, 22, 23, 24, 25]

Time Step: 21
	A: []
	B: [13, 14, 15, 16, 17, 18, 19, 20, 21, 22, 23, 24, 25]

Time Step: 22
	A: []
	B: [13, 14, 15, 16, 17, 18, 19, 20, 21, 22, 23, 24, 25]

Time Step: 23
	A: []
	B: [13, 14, 15, 16, 17, 18, 19, 20, 21, 22, 23, 24, 25]

Time Step: 24
	A: []
	B: [13, 14, 15, 16, 17, 18, 19, 20, 21, 22, 23, 24, 25]

Time Step: 25
	A: []
	B: [13, 14, 15, 16, 17, 18, 19, 20, 21, 22, 23, 24, 25]

Time Step: 26
	A: []
	B: [13, 14, 15, 16, 17, 18, 19, 20, 21, 22, 23, 24, 25]

Time Step: 27
	A: []
	B: [13, 14, 15, 16, 17, 18, 19, 20, 21, 22, 23, 24, 25]

Time Step: 28
	A: []
	B: [13, 14, 15, 16, 17, 18, 19, 20, 21, 22, 23, 24, 25]

Time Step: 29
	A: []
	B: [13, 14, 15, 16, 17, 18, 19, 20, 21, 22, 23, 24, 25]

Time Step: 30
	A: []
	B: [13, 14, 15, 16, 17, 18, 19, 20, 21, 22, 23, 24, 25]

Time Step: 31
	A: []
	B: [13, 14, 15, 16, 17, 18, 19, 20, 21, 22, 23, 24, 25]

Time Step: 32
	A: []
	B: [13, 14, 15, 16, 17, 18, 19, 20, 21, 22, 23, 24, 25]

Time Step: 33
	A: []
	B: [13, 14, 15, 16, 17, 18, 19, 20, 21, 22, 23, 24, 25]

Time Step: 34
	A: []
	B: [13, 14, 15, 16, 17, 18, 19, 20, 21, 22, 23, 24, 25]

Time Step: 35
	A: []
	B: [13, 14, 15, 16, 17, 18, 19, 20, 21, 22, 23, 24, 25]

Time Step: 36
	A: []
	B: [13, 14, 15, 16, 17, 18, 19, 20, 21, 22, 23, 24, 25]

Time Step: 37
	A: []
	B: [13, 14, 15, 16, 17, 18, 19, 20, 21, 22, 23, 24, 25]

Time Step: 38
	A: []
	B: [13, 14, 15, 16, 17, 18, 19, 20, 21, 22, 23, 24, 25]

Time Step: 39
	A: []
	B: [13, 14, 15, 16, 17, 18, 19, 20, 21, 22, 23, 24, 25]

Time Step: 40
	A: []
	B: [13, 14, 15, 16, 17, 18, 19, 20, 21, 22, 23, 24, 25]

Time Step: 41
	A: []
	B: [13, 14, 15, 16, 17, 18, 19, 20, 21, 22, 23, 24, 25]

Time Step: 42
	A: []
	B: [13, 14, 15, 16, 17, 18, 19, 20, 21, 22, 23, 24, 25]

Time Step: 43
	A: []
	B: [13, 14, 15, 16, 17, 18, 19, 20, 21, 22, 23, 24, 25]

Time Step: 44
	A: []
	B: [13, 14, 15, 16, 17, 18, 19, 20, 21, 22, 23, 24, 25]

Time Step: 45
	A: []
	B: [13, 14, 15, 16, 17, 18, 19, 20, 21, 22, 23, 24, 25]

Time Step: 46
	A: []
	B: [13, 14, 15, 16, 17, 18, 19, 20, 21, 22, 23, 24, 25]

Time Step: 47
	A: []
	B: [13, 14, 15, 16, 17, 18, 19, 20, 21, 22, 23, 24, 25]

Time Step: 48
	A: []
	B: [13, 14, 15, 16, 17, 18, 19, 20, 21, 22, 23, 24, 25]

Time Step: 49
	A: []
	B: [13, 14, 15, 16, 17, 18, 19, 20, 21, 22, 23, 24, 25]

Time Step: 50
	A: []
	B: [13, 14, 15, 16, 17, 18, 19, 20, 21, 22, 23, 24, 25]

Time Step: 51
	A: []
	B: [13, 14, 15, 16, 17, 18, 19, 20, 21, 22, 23, 24, 25]

Time Step: 52
	A: []
	B: [13, 14, 15, 16, 17, 18, 19, 20, 21, 22, 23, 24, 25]

Time Step: 53
	A: []
	B: [13, 14, 15, 16, 17, 18, 19, 20, 21, 22, 23, 24, 25]

Time Step: 54
	A: []
	B: [13, 14, 15, 16, 17, 18, 19, 20, 21, 22, 23, 24, 25]

Time Step: 55
	A: []
	B: [13, 14, 15, 16, 17, 18, 19, 20, 21, 22, 23, 24, 25]

Time Step: 56
	A: []
	B: [13, 14, 15, 16, 17, 18, 19, 20, 21, 22, 23, 24, 25]

Time Step: 57
	A: []
	B: [13, 14, 15, 16, 17, 18, 19, 20, 21, 22, 23, 24, 25]

Time Step: 58
	A: []
	B: [13, 14, 15, 16, 17, 18, 19, 20, 21, 22, 23, 24, 25]

Time Step: 59
	A: []
	B: [13, 14, 15, 16, 17, 18, 19, 20, 21, 22, 23, 24, 25]

Time Step: 60
	A: []
	B: [13, 14, 15, 16, 17, 18, 19, 20, 21, 22, 23, 24, 25]

Time Step: 61
	A: []
	B: [13, 14, 15, 16, 17, 18, 19, 20, 21, 22, 23, 24, 25]

Time Step: 62
	A: []
	B: [13, 14, 15, 16, 17, 18, 19, 20, 21, 22, 23, 24, 25]

Time Step: 63
	A: []
	B: [13, 14, 15, 16, 17, 18, 19, 20, 21, 22, 23, 24, 25]

Time Step: 64
	A: []
	B: [13, 14, 15, 16, 17, 18, 19, 20, 21, 22, 23, 24, 25]

Time Step: 65
	A: []
	B: [13, 14, 15, 16, 17, 18, 19, 20, 21, 22, 23, 24, 25]

Time Step: 66
	A: []
	B: [13, 14, 15, 16, 17, 18, 19, 20, 21, 22, 23, 24, 25]

Time Step: 67
	A: []
	B: [13, 14, 15, 16, 17, 18, 19, 20, 21, 22, 23, 24, 25]

Time Step: 68
	A: []
	B: [13, 14, 15, 16, 17, 18, 19, 20, 21, 22, 23, 24, 25]

Time Step: 69
	A: []
	B: [13, 14, 15, 16, 17, 18, 19, 20, 21, 22, 23, 24, 25]

Time Step: 70
	A: []
	B: [13, 14, 15, 16, 17, 18, 19, 20, 21, 22, 23, 24, 25]

Time Step: 71
	A: []
	B: [13, 14, 15, 16, 17, 18, 19, 20, 21, 22, 23, 24, 25]

Time Step: 72
	A: []
	B: [13, 14, 15, 16, 17, 18, 19, 20, 21, 22, 23, 24, 25]

Time Step: 73
	A: []
	B: [13, 14, 15, 16, 17, 18, 19, 20, 21, 22, 23, 24, 25]

Time Step: 74
	A: []
	B: [13, 14, 15, 16, 17, 18, 19, 20, 21, 22, 23, 24, 25]

Time Step: 75
	A: []
	B: [13, 14, 15, 16, 17, 18, 19, 20, 21, 22, 23, 24, 25]

Time Step: 76
	A: []
	B: [13, 14, 15, 16, 17, 18, 19, 20, 21, 22, 23, 24, 25]

Time Step: 77
	A: []
	B: [13, 14, 15, 16, 17, 18, 19, 20, 21, 22, 23, 24, 25]

Time Step: 78
	A: []
	B: [13, 14, 15, 16, 17, 18, 19, 20, 21, 22, 23, 24, 25]

Time Step: 79
	A: []
	B: [13, 14, 15, 16, 17, 18, 19, 20, 21, 22, 23, 24, 25]

Time Step: 80
	A: []
	B: [13, 14, 15, 16, 17, 18, 19, 20, 21, 22, 23, 24, 25]

Time Step: 81
	A: []
	B: [13, 14, 15, 16, 17, 18, 19, 20, 21, 22, 23, 24, 25]

Time Step: 82
	A: []
	B: [13, 14, 15, 16, 17, 18, 19, 20, 21, 22, 23, 24, 25]

Time Step: 83
	A: []
	B: [13, 14, 15, 16, 17, 18, 19, 20, 21, 22, 23, 24, 25]

Time Step: 84
	A: []
	B: [13, 14, 15, 16, 17, 18, 19, 20, 21, 22, 23, 24, 25]

Time Step: 85
	A: []
	B: [13, 14, 15, 16, 17, 18, 19, 20, 21, 22, 23, 24, 25]

Time Step: 86
	A: []
	B: [13, 14, 15, 16, 17, 18, 19, 20, 21, 22, 23, 24, 25]

Time Step: 87
	A: []
	B: [13, 14, 15, 16, 17, 18, 19, 20, 21, 22, 23, 24, 25]

Time Step: 88
	A: []
	B: [13, 14, 15, 16, 17, 18, 19, 20, 21, 22, 23, 24, 25]

Time Step: 89
	A: []
	B: [13, 14, 15, 16, 17, 18, 19, 20, 21, 22, 23, 24, 25]

Time Step: 90
	A: []
	B: [13, 14, 15, 16, 17, 18, 19, 20, 21, 22, 23, 24, 25]

Time Step: 91
	A: []
	B: [13, 14, 15, 16, 17, 18, 19, 20, 21, 22, 23, 24, 25]

Time Step: 92
	A: []
	B: [13, 14, 15, 16, 17, 18, 19, 20, 21, 22, 23, 24, 25]

Time Step: 93
	A: []
	B: [13, 14, 15, 16, 17, 18, 19, 20, 21, 22, 23, 24, 25]

Time Step: 94
	A: []
	B: [13, 14, 15, 16, 17, 18, 19, 20, 21, 22, 23, 24, 25]

Time Step: 95
	A: []
	B: [13, 14, 15, 16, 17, 18, 19, 20, 21, 22, 23, 24, 25]

Time Step: 96
	A: []
	B: [13, 14, 15, 16, 17, 18, 19, 20, 21, 22, 23, 24, 25]

Time Step: 97
	A: []
	B: [13, 14, 15, 16, 17, 18, 19, 20, 21, 22, 23, 24, 25]

Time Step: 98
	A: []
	B: [13, 14, 15, 16, 17, 18, 19, 20, 21, 22, 23, 24, 25]

Time Step: 99
	A: []
	B: [13, 14, 15, 16, 17, 18, 19, 20, 21, 22, 23, 24, 25]

Time Step: 100
	A: []
	B: [13, 14, 15, 16, 17, 18, 19, 20, 21, 22, 23, 24, 25]

Overall Stats
Type: A
	Count With Time:[1.0, 1.0, 1.0, 1.0, 2.0, 2.0, 1.5, 1.5, 3.0, 3.0, 2.0, 2.0, 4.0, 4.0, 2.0, 2.0, 3.0, 3.0, 1.0, 1.0, 1.5, 1.5, 0.5, 0.5, 0.5, 0.5, 0.0, 0.0, 0.0, 0.0, 0.0, 0.0, 0.0, 0.0, 0.0, 0.0, 0.0, 0.0, 0.0, 0.0, 0.0, 0.0, 0.0, 0.0, 0.0, 0.0, 0.0, 0.0, 0.0, 0.0, 0.0, 0.0, 0.0, 0.0, 0.0, 0.0, 0.0, 0.0, 0.0, 0.0, 0.0, 0.0, 0.0, 0.0, 0.0, 0.0, 0.0, 0.0, 0.0, 0.0, 0.0, 0.0, 0.0, 0.0, 0.0, 0.0, 0.0, 0.0, 0.0, 0.0, 0.0, 0.0, 0.0, 0.0, 0.0, 0.0, 0.0, 0.0, 0.0, 0.0, 0.0, 0.0, 0.0, 0.0, 0.0, 0.0, 0.0, 0.0, 0.0, 0.0, 0.0]
Type: B
	Count With Time:[1.0, 1.0, 2.0, 2.0, 3.0, 3.0, 4.5, 4.5, 5.5, 5.5, 7.5, 7.5, 8.5, 8.5, 11.5, 11.5, 12.5, 12.5, 14.5, 14.5, 14.5, 14.5, 15.5, 15.5, 15.5, 15.5, 16.0, 16.0, 16.0, 16.0, 16.0, 16.0, 16.0, 16.0, 16.0, 16.0, 16.0, 16.0, 16.0, 16.0, 16.0, 16.0, 16.0, 16.0, 16.0, 16.0, 16.0, 16.0, 16.0, 16.0, 16.0, 16.0, 16.0, 16.0, 16.0, 16.0, 16.0, 16.0, 16.0, 16.0, 16.0, 16.0, 16.0, 16.0, 16.0, 16.0, 16.0, 16.0, 16.0, 16.0, 16.0, 16.0, 16.0, 16.0, 16.0, 16.0, 16.0, 16.0, 16.0, 16.0, 16.0, 16.0, 16.0, 16.0, 16.0, 16.0, 16.0, 16.0, 16.0, 16.0, 16.0, 16.0, 16.0, 16.0, 16.0, 16.0, 16.0, 16.0, 16.0, 16.0, 16.0]
